function h = h_h(x)

%fun = (x2*x1-x1+1.5)^2+(x1*x2^2-x1+2.25)^2+(x1*x2^3-x1+2.625)^2;

%g1 = diff(fun,x1);

%g2 = diff(fun,x2);
%hx = [diff(g1,x1) diff(g1,x2);diff(g2,x1) diff(g2,x2)];
x2 = x(2);
x1 = x(1);
h = [2*(x2 - 1)^2 + 2*(x2^2 - 1)^2 + 2*(x2^3 - 1)^2, 6*x2^2*(x1*x2^3 - x1 + 21/8) - 2*x1 + 2*x1*x2 + 2*x1*(x2 - 1) + 4*x2*(x1*x2^2 - x1 + 9/4) + 4*x1*x2*(x2^2 - 1) + 6*x1*x2^2*(x2^3 - 1) + 3;6*x2^2*(x1*x2^3 - x1 + 21/8) - 2*x1 + 2*x1*x2 + 2*x1*(x2 - 1) + 4*x2*(x1*x2^2 - x1 + 9/4) + 4*x1*x2*(x2^2 - 1) + 6*x1*x2^2*(x2^3 - 1) + 3,8*x1^2*x2^2 + 18*x1^2*x2^4 + 4*x1*(x1*x2^2 - x1 + 9/4) + 2*x1^2 + 12*x1*x2*(x1*x2^3 - x1 + 21/8)];
end