
x = [3.00; 5.00]
f = 2.0215*1e-30
k = 56